-0.303000 0.000000
-0.302999 -0.000588
-0.302998 -0.001176
-0.301995 -0.001757
-0.301991 -0.002343
-0.301986 -0.002929
-0.302979 -0.003527
-0.302972 -0.004114
-0.302964 -0.004702
-0.302954 -0.005290
-0.302943 -0.005877
-0.303931 -0.006486
-0.304917 -0.007099
-0.303903 -0.007665
-0.303888 -0.008255
-0.302872 -0.008815
-0.303854 -0.009434
-0.304834 -0.010056
-0.304814 -0.010648
-0.304793 -0.011239
-0.304770 -0.011830
-0.304747 -0.012421
-0.304722 -0.013012
-0.303697 -0.013559
-0.302672 -0.014101
-0.302644 -0.014689
-0.302615 -0.015276
-0.302584 -0.015863
-0.302553 -0.016450
-0.303519 -0.017093
-0.304484 -0.017740
-0.305447 -0.018390
-0.305411 -0.018983
-0.306371 -0.019639
-0.306333 -0.020233
-0.306293 -0.020828
-0.306252 -0.021422
-0.305212 -0.021944
-0.302177 -0.022315
-0.301136 -0.022826
-0.301091 -0.023410
-0.301045 -0.023994
-0.300998 -0.024578
-0.300950 -0.025162
-0.300901 -0.025745
-0.300850 -0.026329
-0.300798 -0.026913
-0.300746 -0.027496
-0.300692 -0.028079
-0.300637 -0.028663
-0.300581 -0.029246
-0.300523 -0.029829
-0.300465 -0.030412
-0.300405 -0.030995
