121.38 398.08
117.65 341.64
114.09 284.31
111.23 226.16
106.94 166.84
103.17 107.04
175.80 395.83
172.50 339.33
169.39 282.27
166.57 223.67
162.90 164.75
159.49 104.73
229.71 393.74
227.00 337.37
224.29 279.84
221.58 221.67
218.49 162.69
215.49 102.52
283.73 391.57
281.33 335.20
278.76 277.62
276.48 219.47
273.74 160.42
271.25 100.28
337.82 389.82
335.74 332.80
333.64 275.56
331.60 217.43
329.46 158.13
327.26 97.73
392.13 388.14
390.36 330.86
388.58 273.37
386.63 214.92
385.09 155.72
383.45 95.04
446.67 386.52
445.26 329.26
443.67 271.25
442.40 212.71
441.15 153.00
440.15 91.94
502.25 385.31
500.75 327.37
499.59 269.07
498.48 210.17
497.91 150.32
497.63 88.78
558.59 384.27
557.79 325.89
556.64 267.23
555.76 207.48
555.77 147.39
556.26 85.47
